1,1,0.0,16.98,18.87,26.12,1,1,1.0
1,2,52.2,60.21,126.07000000000001,61.24,1,1,1.0
1,3,95.51,0.77,225.09000000000003,63.23,1,1,1.0
1,4,309.6,0.77,401.9,115.23,1,1,1.0
2,1,0.0,16.98,9.0,26.12,1,1,1.0
2,2,35.99,59.31,118.91,56.69,1,1,1.0
2,3,95.51,0.77,225.09000000000003,63.23,1,1,1.0
2,4,307.89,0.0,400.6,114.79,1,1,1.0
3,1,0.0,16.98,4.5,26.12,1,1,1.0
3,2,18.0,54.81,116.19999999999999,56.69,1,1,1.0
3,3,95.51,0.77,224.59000000000003,63.23,1,1,1.0
3,4,310.12,0.77,399.38,115.23,1,1,1.0
4,2,2.69,52.1,110.81,56.690000000000005,1,1,1.0
4,3,95.51,0.77,224.09000000000003,63.23,1,1,1.0
4,4,308.9,0.77,399.6,115.23,1,1,1.0
5,2,0.0,49.4,95.5,56.690000000000005,1,1,1.0
5,3,95.51,0.77,223.09000000000003,63.23,1,1,1.0
5,4,307.9,0.0,399.56000000000006,117.04,1,1,1.0
6,2,0.0,45.8,77.5,56.69,1,1,1.0
6,3,95.51,0.77,222.99,63.23,1,1,1.0
6,4,306.7,0.0,399.7,114.6,1,1,1.0
7,2,0.0,44.0,58.6,51.3,1,1,1.0
7,3,95.51,0.77,222.89,63.23,1,1,1.0
7,4,305.5,0.0,399.79999999999995,117.04,1,1,1.0
8,2,0.0,45.8,44.2,46.8,1,1,1.0
8,3,95.51,0.77,222.79000000000002,63.23,1,1,1.0
8,4,305.5,0.0,398.79999999999995,117.04,1,1,1.0
9,2,0.0,45.8,28.0,43.2,1,1,1.0
9,3,95.51,0.77,222.69,63.23,1,1,1.0
9,4,305.5,0.0,397.79999999999995,117.04,1,1,1.0
10,2,0.0,45.8,13.6,36.0,1,1,1.0
10,5,912.2,188.09,47.799999999999955,63.94,1,1,1.0
10,3,95.51,0.77,222.59000000000003,63.23,1,1,1.0
10,4,305.5,0.0,397.79999999999995,117.04,1,1,1.0
11,5,868.1,179.99,91.89999999999998,90.00999999999999,1,1,1.0
11,3,95.51,0.77,222.49,63.23,1,1,1.0
11,4,305.5,0.0,397.77,117.04,1,1,1.0
12,5,821.27,165.58,138.73000000000002,99.91999999999999,1,1,1.0
12,3,95.51,0.77,222.39,63.23,1,1,1.0
12,4,305.5,0.0,397.74,117.04,1,1,1.0
13,5,776.2,159.3,183.79999999999995,106.19999999999999,1,1,1.0
13,6,0.0,190.79,1.76,27.02000000000001,1,1,1.0
13,3,95.51,0.77,222.29000000000002,63.23,1,1,1.0
13,4,305.5,0.0,397.70000000000005,117.04,1,1,1.0
14,5,733.87,149.39,226.13,124.21000000000004,1,1,1.0
14,6,0.0,185.4,17.1,36.900000000000006,1,1,1.0
14,3,95.51,0.77,222.19,63.23,1,1,1.0
14,4,305.5,0.0,397.66999999999996,117.04,1,1,1.0
15,5,696.05,141.29,263.95000000000005,119.71000000000001,1,1,1.0
15,6,0.0,164.7,35.1,76.5,1,1,1.0
15,3,95.51,0.77,222.09000000000003,63.23,1,1,1.0
15,4,305.55,0.0,397.59,117.04,1,1,1.0
16,5,654.62,135.9,279.28,117.0,1,1,1.0
16,6,0.0,164.7,53.1,85.5,1,1,1.0
16,3,95.51,0.77,222.01,63.23,1,1,1.0
16,4,305.6,0.0,397.51,117.04,1,1,1.0
17,5,616.8,128.7,269.4000000000001,112.49000000000001,1,1,1.0
17,6,0.0,164.7,73.8,103.5,1,1,1.0
17,3,95.51,0.77,221.93,63.23,1,1,1.0
17,4,305.65,0.0,397.4200000000001,117.04,1,1,1.0
18,5,580.78,117.89,256.82000000000005,112.49999999999999,1,1,1.0
18,6,0.0,164.7,94.5,117.0,1,1,1.0
18,3,95.51,0.77,221.85000000000002,63.23,1,1,1.0
18,4,305.7,0.0,397.34,117.04,1,1,1.0
19,5,547.46,116.99,246.93999999999994,104.41000000000001,1,1,1.0
19,6,0.0,172.8,117.9,121.5,1,1,1.0
19,3,95.51,0.77,221.76999999999998,63.23,1,1,1.0
19,4,305.7,0.0,397.31,117.04,1,1,1.0
20,5,514.14,110.7,239.76,102.60000000000001,1,1,1.0
20,6,0.0,180.01,143.1,126.88999999999999,1,1,1.0
20,3,95.51,0.77,221.69,63.23,1,1,1.0
20,4,305.7,0.0,397.28000000000003,117.04,1,1,1.0
21,5,488.02,104.4,225.38,99.9,1,1,1.0
21,6,0.0,189.01,168.3,132.29000000000002,1,1,1.0
21,3,95.51,0.77,221.61,63.23,1,1,1.0
21,4,305.7,0.0,397.25000000000006,117.04,1,1,1.0
22,5,453.8,102.6,222.7,92.70000000000002,1,1,1.0
22,6,0.9,197.12,194.4,139.48000000000002,1,1,1.0
22,3,95.51,0.77,221.51999999999998,63.23,1,1,1.0
22,4,305.0,0.0,397.90999999999997,117.04,1,1,1.0
23,5,425.88,99.0,215.51999999999998,89.1,1,1,1.0
23,6,11.7,206.13,216.0,145.76999999999998,1,1,1.0
23,3,95.51,0.77,221.44,63.23,1,1,1.0
23,4,304.3,0.0,398.58,117.04,1,1,1.0
24,5,399.76,90.89,210.34000000000003,89.10000000000001,1,1,1.0
24,6,32.4,214.4,227.4,157.20000000000002,1,1,1.0
24,3,95.51,0.77,221.36,63.23,1,1,1.0
24,4,304.3,0.0,398.55,117.04,1,1,1.0
25,5,375.9,86.8,195.89999999999998,88.00000000000001,1,1,1.0
25,6,56.2,224.75,244.0,166.55,1,1,1.0
25,3,95.51,0.77,221.28000000000003,63.23,1,1,1.0
25,4,304.3,0.0,398.52000000000004,117.04,1,1,1.0
26,5,352.1,84.73,189.69999999999993,82.86999999999999,1,1,1.0
26,6,80.0,236.1,261.6,172.79999999999998,1,1,1.0
26,3,95.51,0.77,221.2,63.23,1,1,1.0
26,4,303.8,0.0,398.97999999999996,117.04,1,1,1.0
27,5,330.37,77.49,180.43,82.87000000000002,1,1,1.0
27,6,107.9,245.41,280.29999999999995,189.39000000000001,1,1,1.0
27,3,95.51,0.77,221.12,63.23,1,1,1.0
27,4,303.95,0.0,398.8,117.04,1,1,1.0
28,5,307.6,75.4,178.39999999999998,79.79999999999998,1,1,1.0
28,6,137.91,257.83,300.99,203.87,1,1,1.0
28,3,95.51,0.77,221.04000000000002,63.23,1,1,1.0
28,4,304.1,0.0,398.62,117.04,1,1,1.0
29,5,286.9,74.4,170.10000000000002,75.6,1,1,1.0
29,6,171.03,275.42,324.77,214.18,1,1,1.0
29,7,910.0,183.71,50.0,71.4,1,1,1.0
29,3,95.51,0.77,220.96000000000004,63.23,1,1,1.0
29,4,304.25,0.0,398.44000000000005,117.04,1,1,1.0
30,5,269.31,71.3,164.89,73.50000000000001,1,1,1.0
30,6,205.18,290.9,353.71999999999997,228.70000000000005,1,1,1.0
30,7,862.4,173.4,97.60000000000002,74.5,1,1,1.0
30,3,95.51,0.77,220.88,63.23,1,1,1.0
30,4,304.4,0.0,398.25,117.04,1,1,1.0
31,5,248.74,69.5,159.56,69.9,1,1,1.0
31,6,247.21,310.6,384.99,229.39999999999998,1,1,1.0
31,7,814.1,161.8,145.89999999999998,85.19999999999999,1,1,1.0
31,3,95.51,0.77,220.8,63.23,1,1,1.0
31,4,304.75,0.0,397.87,117.04,1,1,1.0
32,5,232.64,64.1,152.36,69.9,1,1,1.0
32,6,296.41,327.6,395.69,212.39999999999998,1,1,1.0
32,7,770.27,142.1,189.73000000000002,112.9,1,1,1.0
32,3,95.51,0.77,220.72000000000003,63.23,1,1,1.0
32,4,305.1,0.0,397.49,117.04,1,1,1.0
33,5,213.86,57.8,149.64,71.7,1,1,1.0
33,6,343.81,341.91,417.19,198.08999999999997,1,1,1.0
33,7,724.66,131.4,235.34000000000003,112.9,1,1,1.0
33,3,95.51,0.77,220.64,63.23,1,1,1.0
33,4,305.0,0.0,397.55999999999995,117.04,1,1,1.0
34,5,197.76,56.91,145.14,68.99000000000001,1,1,1.0
34,6,401.95,369.6,420.75000000000006,170.39999999999998,1,1,1.0
34,7,687.1,128.7,254.12,104.0,1,1,1.0
34,3,95.51,0.77,220.56,63.23,1,1,1.0
34,4,305.1,0.0,397.42999999999995,117.04,1,1,1.0
35,5,182.55,55.1,140.64999999999998,65.4,1,1,1.0
35,6,469.03,392.9,398.37,147.10000000000002,1,1,1.0
35,7,646.85,120.7,246.04999999999995,101.3,1,1,1.0
35,3,95.51,0.77,220.47000000000003,63.23,1,1,1.0
35,4,305.3,0.0,397.19,117.04,1,1,1.0
36,5,167.35,55.1,137.95000000000002,63.6,1,1,1.0
36,6,539.68,418.8,398.38,121.19999999999999,1,1,1.0
36,7,611.97,113.5,234.42999999999995,97.80000000000001,1,1,1.0
36,3,95.51,0.77,220.39,63.23,1,1,1.0
36,4,305.7,0.0,396.76000000000005,117.04,1,1,1.0
37,5,152.9,52.4,131.70000000000002,61.800000000000004,1,1,1.0
37,6,620.09,449.8,339.90999999999997,90.19999999999999,1,1,1.0
37,7,573.25,106.3,229.95000000000005,96.00000000000001,1,1,1.0
37,3,95.51,0.77,220.31,63.23,1,1,1.0
37,4,305.2,0.0,397.22999999999996,117.04,1,1,1.0
38,5,138.37,49.5,129.73000000000002,61.8,1,1,1.0
38,6,723.7,477.7,236.29999999999995,62.30000000000001,1,1,1.0
38,7,541.28,98.6,220.22000000000003,92.1,1,1,1.0
38,3,95.51,0.77,220.23000000000002,63.23,1,1,1.0
38,4,305.3,0.0,397.09999999999997,117.04,1,1,1.0
39,5,125.76,47.7,127.04,59.099999999999994,1,1,1.0
39,6,851.6,513.7,108.39999999999998,26.299999999999955,1,1,1.0
39,7,507.96,93.2,215.74000000000007,89.39999999999999,1,1,1.0
39,3,95.51,0.77,220.15000000000003,63.23,1,1,1.0
39,4,305.0,0.0,397.36,117.04,1,1,1.0
40,5,113.16,45.9,122.53999999999999,56.4,1,1,1.0
40,7,478.24,88.7,206.76,84.89999999999999,1,1,1.0
40,3,95.51,0.77,220.07,63.23,1,1,1.0
40,4,305.2,0.0,397.13000000000005,117.04,1,1,1.0
41,5,101.45,41.39,118.05,57.31,1,1,1.0
41,7,449.42,86.0,198.68,81.30000000000001,1,1,1.0
41,3,95.51,0.77,219.99,63.23,1,1,1.0
41,4,304.3,0.0,397.99999999999994,117.04,1,1,1.0
42,5,87.94,39.59,117.16,57.31,1,1,1.0
42,7,420.6,77.9,191.5,81.29999999999998,1,1,1.0
42,3,95.51,0.77,219.85000000000002,63.23,1,1,1.0
42,4,303.7,0.0,398.59999999999997,117.04,1,1,1.0
43,5,74.43,37.8,115.37,57.3,1,1,1.0
43,7,397.2,76.1,181.59999999999997,76.80000000000001,1,1,1.0
43,3,95.51,0.77,219.7,63.23,1,1,1.0
43,4,303.1,0.0,399.19999999999993,117.04,1,1,1.0
44,5,61.82,37.8,113.58000000000001,54.60000000000001,1,1,1.0
44,7,371.1,73.4,178.0,73.19999999999999,1,1,1.0
44,3,95.51,0.77,219.56,63.23,1,1,1.0
44,4,303.1,0.0,399.19999999999993,117.04,1,1,1.0
45,5,52.82,36.0,109.08000000000001,51.900000000000006,1,1,1.0
45,7,345.88,65.3,170.82000000000005,75.00000000000001,1,1,1.0
45,3,95.51,0.77,219.42000000000002,63.23,1,1,1.0
45,4,303.1,0.0,399.19999999999993,117.04,1,1,1.0
46,5,41.11,32.4,108.19000000000001,51.9,1,1,1.0
46,7,323.4,60.8,165.40000000000003,75.89999999999999,1,1,1.0
46,3,95.51,0.77,219.28000000000003,63.23,1,1,1.0
46,4,303.1,0.0,399.19999999999993,117.04,1,1,1.0
47,5,31.2,29.7,106.39999999999999,52.8,1,1,1.0
47,7,300.9,59.0,160.90000000000003,72.30000000000001,1,1,1.0
47,3,95.51,0.77,219.13,63.23,1,1,1.0
47,4,303.1,0.0,399.19999999999993,117.04,1,1,1.0
48,5,21.3,28.8,101.9,52.8,1,1,1.0
48,7,281.1,58.1,155.5,68.69999999999999,1,1,1.0
48,3,95.51,0.77,218.99,63.23,1,1,1.0
48,4,303.1,0.0,399.19999999999993,117.04,1,1,1.0
49,5,12.3,25.2,99.2,52.78999999999999,1,1,1.0
49,7,262.2,52.7,149.2,69.59,1,1,1.0
49,3,95.51,0.77,218.99,63.23,1,1,1.0
49,4,303.1,0.0,399.19999999999993,117.04,1,1,1.0
50,5,4.2,25.2,96.5,50.099999999999994,1,1,1.0
50,7,245.09,50.9,142.91,65.1,1,1,1.0
50,3,95.51,0.77,218.99,63.23,1,1,1.0
50,4,303.1,0.0,399.19999999999993,117.04,1,1,1.0
51,5,0.0,25.2,89.9,50.099999999999994,1,1,1.0
51,7,226.2,49.1,138.40000000000003,65.1,1,1,1.0
51,3,95.51,0.77,218.99,63.23,1,1,1.0
51,4,303.1,0.0,399.19999999999993,117.04,1,1,1.0
52,5,0.0,22.5,80.0,50.099999999999994,1,1,1.0
52,7,209.09,45.5,135.71,65.1,1,1,1.0
52,3,95.51,0.77,218.99,63.23,1,1,1.0
52,4,303.1,0.0,399.19999999999993,117.04,1,1,1.0
53,5,0.0,22.5,69.2,45.599999999999994,1,1,1.0
53,7,193.78,43.7,129.42,62.39999999999999,1,1,1.0
53,3,95.51,0.77,218.99,63.23,1,1,1.0
53,4,303.1,0.0,399.19999999999993,117.04,1,1,1.0
54,5,0.0,22.5,59.3,45.599999999999994,1,1,1.0
54,7,178.47,41.9,125.83000000000001,61.50000000000001,1,1,1.0
54,3,95.51,0.77,218.99,63.23,1,1,1.0
54,4,303.1,0.0,399.19999999999993,117.04,1,1,1.0
55,5,0.0,19.8,51.2,45.60000000000001,1,1,1.0
55,7,164.06,38.3,124.94,61.5,1,1,1.0
55,3,95.51,0.77,218.99,63.23,1,1,1.0
55,4,303.1,0.0,399.19999999999993,117.04,1,1,1.0
56,5,0.0,19.8,41.3,43.8,1,1,1.0
56,7,148.8,34.7,115.89999999999998,62.39999999999999,1,1,1.0
56,3,95.51,0.77,218.99,63.23,1,1,1.0
56,4,303.1,0.0,399.19999999999993,117.04,1,1,1.0
57,5,0.0,19.8,32.3,43.8,1,1,1.0
57,7,135.29,38.3,115.9,55.2,1,1,1.0
57,3,95.51,0.77,218.99,63.23,1,1,1.0
57,4,303.1,0.0,399.19999999999993,117.04,1,1,1.0
58,5,0.0,19.8,25.1,39.3,1,1,1.0
58,7,123.58,36.5,111.42,55.2,1,1,1.0
58,3,95.51,0.77,218.99,63.23,1,1,1.0
58,4,303.1,0.0,399.19999999999993,117.04,1,1,1.0
59,5,0.0,23.4,16.1,31.200000000000003,1,1,1.0
59,7,112.78,34.7,107.82,55.2,1,1,1.0
59,3,95.51,0.77,218.99,63.23,1,1,1.0
59,4,303.1,0.0,399.19999999999993,117.04,1,1,1.0
60,5,0.0,23.4,6.2,31.200000000000003,1,1,1.0
60,7,99.27,34.7,105.13000000000001,52.5,1,1,1.0
60,3,95.51,0.77,218.99,63.23,1,1,1.0
60,4,303.1,0.0,399.19999999999993,117.04,1,1,1.0
